  0   0   0   0   0   0   0   0   0   0   0   0   0  87 228 176   0   0   0   0   0   0   0   0   0   0   0   0   0   0 
  0   0   0   0   0   0   0   0   0   0   0   0   0 188 255 254  33   0   0   0   0   0   0   0   0   0   0   0   0   0 
  0   0   0   0   0   0   0   0   0   0   0   0  29 253 255 255 128   0   0   0   0   0   0   0   0   0   0   0   0   0 
  0   0   0   0   0   0   0   0   0   0   0   0 123 255 176 255 222   1   0   0   0   0   0   0   0   0   0   0   0   0 
  0   0   0   0   0   0   0   0   0   0   0   0 217 254  32 215 255  63   0   0   0   0   0   0   0   0   0   0   0   0 
  0   0   0   0   0   0   0   0   0   0   0  57 255 192   0 122 255 158   0   0   0   0   0   0   0   0   0   0   0   0 
  0   0   0   0   0   0   0   0   0   0   0 152 255  99   0  30 254 243  11   0   0   0   0   0   0   0   0   0   0   0 
  0   0   0   0   0   0   0   0   0   0   7 239 246  14   0   0 192 255  93   0   0   0   0   0   0   0   0   0   0   0 
  0   0   0   0   0   0   0   0   0   0  86 255 167   0   0   0  98 255 189   0   0   0   0   0   0   0   0   0   0   0 
  0   0   0   0   0   0   0   0   0   0 181 255  74   0   0   0  14 246 254  30   0   0   0   0   0   0   0   0   0   0 
  0   0   0   0   0   0   0   0   0  24 252 232   4   0   0   0   0 168 255 124   0   0   0   0   0   0   0   0   0   0 
  0   0   0   0   0   0   0   0   0 116 255 142   0   0   0   0   0  75 255 219   0   0   0   0   0   0   0   0   0   0 
  0   0   0   0   0   0   0   0   0 210 255  49   0   0   0   0   0   4 233 255  59   0   0   0   0   0   0   0   0   0 
  0   0   0   0   0   0   0   0  50 255 211   0   0   0   0   0   0   0 144 255 155   0   0   0   0   0   0   0   0   0 
  0   0   0   0   0   0   0   0 145 255 117   0   0   0   0   0   0   0  51 255 241   9   0   0   0   0   0   0   0   0 
  0   0   0   0   0   0   0   5 234 253  27   0   0   0   0   0   0   0   0 213 255  90   0   0   0   0   0   0   0   0 
  0   0   0   0   0   0   0  79 255 186   0   0   0   0   0   0   0   0   0 120 255 185   0   0   0   0   0   0   0   0 
  0   0   0   0   0   0   0 174 255  92   0   0   0   0   0   0   0   0   0  29 253 253  27   0   0   0   0   0   0   0 
  0   0   0   0   0   0  19 249 243  11   0   0   0   0   0   0   0   0   0   0 190 255 121   0   0   0   0   0   0   0 
  0   0   0   0   0   0 109 255 161   0   0   0   0   0   0   0   0   0   0   0  96 255 216   0   0   0   0   0   0   0 
  0   0   0   0   0   0 204 255  67   0   0   0   0   0   0   0   0   0   0   0  13 246 255  56   0   0   0   0   0   0 
  0   0   0   0   0  43 255 227   2   0   0   0   0   0   0   0   0   0   0   0   0 166 255 151   0   0   0   0   0   0 
  0   0   0   0   0 138 255 179  72  72  72  72  72  72  72  72  72  72  72  72  72 133 255 239   7   0   0   0   0   0 
  0   0   0   0   3 230 255 255 255 255 255 255 255 255 255 255 255 255 255 255 255 255 255 255  86   0   0   0   0   0 
  0   0   0   0  72 255 240 212 212 212 212 212 212 212 212 212 212 212 212 212 212 212 229 255 182   0   0   0   0   0 
  0   0   0   0 167 255 112   0   0   0   0   0   0   0   0   0   0   0   0   0   0   0  49 255 252  25   0   0   0   0 
  0   0   0  15 247 251  23   0   0   0   0   0   0   0   0   0   0   0   0   0   0   0   0 211 255 117   0   0   0   0 
  0   0   0 102 255 181   0   0   0   0   0   0   0   0   0   0   0   0   0   0   0   0   0 118 255 212   0   0   0   0 
  0   0   0 197 255  87   0   0   0   0   0   0   0   0   0   0   0   0   0   0   0   0   0  26 253 255  52   0   0   0 
  0   0  36 255 241   8   0   0   0   0   0   0   0   0   0   0   0   0   0   0   0   0   0   0 186 255 148   0   0   0 
  0   0 131 255 156   0   0   0   0   0   0   0   0   0   0   0   0   0   0   0   0   0   0   0  93 255 237   6   0   0 
  0   1 224 255  62   0   0   0   0   0   0   0   0   0   0   0   0   0   0   0   0   0   0   0  11 243 255  83   0   0 
  0  65 255 223   1   0   0   0   0   0   0   0   0   0   0   0   0   0   0   0   0   0   0   0   0 161 255 178   0   0 
  0 160 255 130   0   0   0   0   0   0   0   0   0   0   0   0   0   0   0   0   0   0   0   0   0  67 255 251  22   0 
 11 243 255  37   0   0   0   0   0   0   0   0   0   0   0   0   0   0   0   0   0   0   0   0   0   2 227 255 113   0 
 95 255 199   0   0   0   0   0   0   0   0   0   0   0   0   0   0   0   0   0   0   0   0   0   0   0 136 255 209   0 
190 255 105   0   0   0   0   0   0   0   0   0   0   0   0   0   0   0   0   0   0   0   0   0   0   0  42 255 255  49 
 38  40   7   0   0   0   0   0   0   0   0   0   0   0   0   0   0   0   0   0   0   0   0   0   0   0   0  38  40  16 
